# Created by Octave 4.0.0, Fri Apr 01 13:34:03 2016 CST <voodoo@voodoo-CW35>
# name: J
# type: scalar
0.7670870967747265


# name: X
# type: matrix
# rows: 20
# columns: 3
 1 2.287355287178842 0.8908079042931287
 1 2.471726672004819 -0.6861101411498431
 1 0.383603953541131 -1.632221686978679
 1 -2.057202470728003 -1.077676141175287
 1 -2.606626430685079 0.4676798788665058
 1 -0.7595300713439712 1.583053175094698
 1 1.785874732838399 1.242974682764584
 1 2.689354543632441 -0.2398890006278489
 1 1.120254189604734 -1.502199843147845
 1 -1.478802700028677 -1.383395077627228
 1 -2.718255207103784 0.007296742410594092
 1 -1.458556412643828 1.391279971126768
 1 1.14213242112334 1.496126810605309
 1 2.692749974123232 0.2254415601556201
 1 1.767665619166971 -1.252513621024124
 1 -0.7826023540437371 -1.578913555296795
 1 -2.613349332102302 -0.4536676483625178
 1 -2.041394986303936 1.088678202280706
 1 0.4074084955269497 1.63009833444381
 1 2.481642485430897 0.6728135755029039


# name: Xm
# type: matrix
# rows: 16
# columns: 2
 -1 -1
 -1 -2
 -2 -1
 -2 -2
 1 1
 1 2
 2 1
 2 2
 -1 1
 -1 2
 -2 1
 -2 2
 1 -1
 1 -2
 -2 -1
 -2 -2


# name: ans
# type: bool matrix
# rows: 20
# columns: 1
 0
 0
 1
 0
 0
 1
 1
 0
 1
 0
 0
 0
 1
 0
 1
 1
 0
 0
 1
 0


# name: grad
# type: matrix
# rows: 3
# columns: 1
 0
 0.224050027431177
 -0.1074059876637406


# name: lambda
# type: scalar
0.1


# name: t1
# type: matrix
# rows: 4
# columns: 3
 0.8414709848078965 0.4121184852417566 -0.9613974918795568
 0.1411200080598672 -0.9999902065507035 0.1498772096629523
 -0.9589242746631385 0.4201670368266409 0.8366556385360561
 0.6569865987187891 0.6502878401571168 -0.8462204041751706


# name: t2
# type: matrix
# rows: 4
# columns: 5
 0.5403023058681398 -0.9111302618846769 -0.2751633380515969 0.9912028118634736 -0.01327674722305948
 -0.9899924966004454 0.004425697988050785 0.9887046181866692 -0.2921388087338362 -0.9036922050915067
 0.2836621854632262 0.9074467814501962 -0.5477292602242684 -0.7480575296890003 0.7654140519453434
 0.7539022543433046 -0.7596879128588213 -0.5328330203333975 0.9147423578045313 0.2666429323599372


# name: theta
# type: matrix
# rows: 3
# columns: 1
 0.25
 0.5
 -0.5


# name: y
# type: bool matrix
# rows: 20
# columns: 1
 0
 0
 1
 0
 0
 1
 1
 0
 1
 0
 0
 0
 1
 0
 1
 1
 0
 0
 1
 0


# name: ym
# type: matrix
# rows: 16
# columns: 1
 1
 1
 1
 1
 2
 2
 2
 2
 3
 3
 3
 3
 4
 4
 4
 4


